
 464 100 00 10 e0 1e 40 32 80 90 
 464 200 00 0f 80 18 80 14 00 8b 
 464 300 00 0b 60 32 80 12 00 97 
 464 400 00 0b 40 16 c0 3f 00 e6 
 464 500 00 1f 00 34 80 71 00 bb 
 464 600 00 14 00 26 c0 12 80 f4 
 464 700 00 07 00 2b 00 54 80 4e 
 464 800 00 0a a0 15 00 6e 80 97 
 464 900 00 16 20 32 80 54 80 9f 
 464 1000 00 15 00 32 c0 3a 80 97 
 446 1000 00 00 00 
 464 1100 00 16 c0 2d c0 25 00 c0 
 464 1200 00 05 00 18 80 74 80 15 
 464 1300 00 1a a0 29 40 35 00 05 
 464 1400 00 0f 60 20 00 0b 80 0e 
 464 1500 00 18 20 26 40 60 00 1e 
 464 1600 00 18 60 31 80 73 80 4c 
 464 1700 00 1e e0 1b 00 19 00 43 
 464 1800 00 13 20 2a c0 0a 00 e1 
 464 1900 00 1b 00 31 80 1a 00 5a 
 464 2000 00 04 e0 0e c0 38 80 c3 
 446 2000 00 00 10 
 464 2100 00 0c e0 12 00 41 80 25 
 464 2200 00 06 a0 2a 00 57 00 97 
 464 2300 00 01 a0 35 c0 09 80 1c 
 464 2410 00 0c 20 39 00 75 00 ef 
 464 2500 00 0a 00 19 00 0b 80 25 
 464 2600 00 0d 20 17 80 6e 80 b8 
 464 2700 00 1e a0 18 80 51 80 c9 
 464 2800 00 08 c0 0e 80 2b 80 bf 
 464 2900 00 08 c0 16 80 40 80 54 
 464 3000 00 17 e0 11 80 63 80 0e 
 446 3000 00 00 00 
 464 3100 00 02 e0 2c c0 4d 00 92 
 464 3200 00 06 c0 2e 80 4a 80 0e 
 464 3300 00 0c 80 3c 00 61 80 7b 
 464 3400 00 07 60 1a 40 47 00 d7 
 464 3500 00 1f 00 08 80 0e 80 ab 
 464 3600 00 0f 20 3b 40 6e 00 74 
 464 3700 00 15 c0 3a 80 3f 00 42 
 464 3800 00 0e 00 24 40 07 00 42 
 464 3900 00 05 20 00 40 72 00 96 
 464 4000 00 03 a0 39 40 76 80 10 
 446 4000 00 00 00 
 464 4100 00 1f 40 0d 80 1b 80 30 
 464 4200 00 02 e0 11 c0 51 00 a5 
 464 4300 00 0d a0 12 40 23 80 70 
 464 4400 00 13 20 1a 80 6a 80 40 
 464 4500 00 04 a0 27 00 25 80 79 
 464 4600 00 03 a0 39 80 68 80 5b 
 464 4700 00 16 60 21 80 10 00 58 
 464 4800 00 1d 40 1b 80 67 00 9d 
 464 4900 00 18 c0 02 80 0d 80 2a 
 464 5000 00 03 20 24 40 42 00 22 
 446 5000 00 00 10 
 464 5100 00 08 40 0d c0 43 00 b1 
 464 5200 00 12 20 03 00 5d 00 22 
 464 5300 00 03 20 2f 40 37 80 5d 
 464 5400 00 01 a0 03 c0 3f 00 eb 
 464 5500 00 1e e0 16 40 26 80 f1 
 464 5600 00 06 80 02 80 3b 80 db 
 464 5700 00 00 c0 1a 80 07 80 8c 
 464 5800 00 03 e0 11 80 5d 00 6b 
 464 5900 00 14 80 30 00 1a 00 35 
 464 6000 00 15 c0 04 c0 48 80 b1 
 446 6000 00 00 00 
 464 6100 00 11 00 36 80 38 80 a0 
 464 6200 00 17 00 0f 40 3a 00 a7 
 464 6300 00 14 60 09 00 08 80 fa 
 464 6400 00 18 40 01 80 15 80 1a 
 464 6500 00 19 80 07 40 02 80 1d 
 464 6600 00 05 40 39 80 7a 80 e2 
 464 6700 00 04 60 38 80 27 00 f0 
 464 6800 00 0f 20 2f 80 40 80 f7 
 464 6900 00 10 00 28 c0 62 80 4b 
 464 7000 00 17 80 1e 80 06 00 ab 
 446 7000 00 00 00 
 464 7100 00 0e 20 3b c0 3d 80 c9 
 464 7200 00 0b 60 08 00 00 00 23 
 464 7300 00 03 e0 20 40 3e 80 a6 
 464 7400 00 14 40 16 c0 2b 80 31 
 464 7500 00 04 c0 1d 40 28 80 cc 
 464 7600 00 14 00 2e 00 5a 00 f5 
 464 7700 00 1d c0 0b 00 16 80 90 
 464 7800 00 06 00 02 40 3a 80 f7 
 464 7900 00 15 40 3b 40 73 80 69 
 464 8000 00 08 40 21 80 6a 80 8a 
 446 8000 00 00 00 
 464 8100 00 08 80 1f c0 65 80 8c 
 464 8200 00 1a 80 3e 00 6d 80 7c 
 464 8300 00 16 80 0d 40 7a 80 b9 
 464 8400 00 16 00 0a 80 02 00 4a 
 464 8500 00 07 60 10 c0 47 80 26 
 464 8600 00 09 a0 1e c0 40 00 16 
 464 8700 00 11 a0 3d 40 11 00 12 
 464 8800 00 1a 80 3a 80 7a 80 a4 
 464 8900 00 1e e0 05 40 10 00 45 
 464 9000 00 07 e0 3a 40 5e 00 70 
 446 9000 00 00 00 
 464 9100 00 15 60 0f 00 6d 80 d7 
 464 9200 00 02 e0 3c c0 66 80 17 
 464 9300 00 1a 60 3b 40 3a 80 9e 
 464 9400 00 14 20 29 40 76 00 e4 
 464 9500 00 0b a0 0d 80 3c 00 d4 
 464 9600 00 1a 40 31 80 66 00 f5 
 464 9700 00 13 80 06 c0 03 80 cc 
 464 9800 00 01 80 02 00 12 80 1e 
 464 9900 00 1a a0 0e 00 1e 00 1b 
 464 10000 00 01 20 2b 80 42 00 c4 
 446 10000 00 00 00 
 464 10100 00 09 a0 36 c0 08 00 7e 
 464 10200 00 06 60 03 c0 31 00 8d 
 464 10300 00 07 20 37 40 18 80 58 
 464 10400 00 11 60 3a 00 04 00 31 
 464 10500 00 06 20 1d 80 33 00 71 
 464 10600 00 10 a0 3a 00 73 00 8c 
 464 10700 00 11 60 37 c0 4c 80 16 
 464 10800 00 01 a0 30 00 3a 00 bc 
 464 10900 00 1d e0 01 00 41 80 b8 
 464 11000 00 04 20 0a c0 4a 80 55 
 446 11000 00 00 00 
 464 11100 00 01 20 36 00 75 80 53 
 464 11200 00 01 40 35 80 4d 80 c7 
 464 11300 00 0e c0 33 c0 45 80 87 
 464 11400 00 12 c0 0b 00 5d 00 e2 
 464 11500 00 01 60 19 40 02 00 d9 
 464 11600 00 03 00 1a 00 0d 80 21 
 464 11700 00 16 a0 11 80 0f 80 40 
 464 11800 00 08 40 1d 00 6b 00 f1 
 464 11900 00 0f e0 2e 00 5f 80 30 
 464 12000 00 1e c0 1c c0 25 00 74 
 446 12000 00 00 10 
 464 12100 00 01 20 13 80 66 80 a5 
 464 12200 00 0e 80 3d 00 0d 80 bf 
 464 12300 00 05 20 34 40 32 00 05 
 464 12400 00 13 a0 1c 80 36 80 17 
 464 12500 00 11 c0 0d 40 12 80 ce 
 464 12600 00 04 60 10 c0 30 80 2f 
 464 12700 00 12 60 0b 40 1c 80 41 
 464 12800 00 04 60 18 00 49 00 d1 
 464 12900 00 06 80 39 c0 4f 80 af 
 464 13000 00 09 a0 23 00 0b 00 16 
 446 13000 00 00 00 
 464 13100 00 07 80 0c 80 19 80 ad 
 464 13200 00 09 80 38 c0 22 80 9b 
 464 13300 00 09 e0 21 c0 35 80 0b 
 464 13400 00 11 60 3d 80 47 80 c8 
 464 13500 00 1a c0 21 c0 25 80 42 
 464 13600 00 16 40 31 40 77 00 ab 
 464 13700 00 04 40 1c 80 63 80 56 
 464 13800 00 08 a0 28 80 42 80 ad 
 464 13900 00 12 40 32 00 0c 00 0e 
 464 14000 00 1c 20 15 80 06 80 ea 
 446 14000 00 00 00 
 464 14100 00 0f 40 23 00 24 00 32 
 464 14200 00 0c 00 0f 40 4d 00 82 
 464 14300 00 12 20 24 80 27 00 f0 
 464 14400 00 11 c0 12 c0 34 00 f2 
 464 14500 00 1d 40 1c 40 7b 80 2f 
 464 14600 00 08 40 1d 80 68 00 33 
 464 14700 00 01 60 31 40 2e 80 1e 
 464 14800 00 1a 40 09 80 17 00 34 
 464 14900 00 01 e0 19 40 3c 00 4f 
 464 15000 00 14 e0 0f 40 5a 80 d4 
 446 15000 00 00 00 
 464 15100 00 03 60 38 00 7c 80 97 
 464 15200 00 07 00 1b 40 26 80 8a 
 464 15300 00 0c 00 22 80 12 00 d1 
 464 15400 00 08 e0 0f c0 6e 80 87 
 464 15500 00 18 00 3d 80 0f 00 e6 
 464 15600 00 15 20 06 c0 16 00 06 
 464 15700 00 0d 40 1d 80 34 80 4b 
 464 15800 00 16 60 33 00 3f 80 16 
 464 15900 00 13 e0 03 00 71 80 49 
 464 16000 00 04 40 2d 00 55 80 0b 
 446 16000 00 00 00 
 464 16100 00 11 40 16 00 16 00 8c 
 464 16200 00 1a 20 33 80 3d 00 03 
 464 16300 00 02 e0 2a 40 53 80 29 
 464 16400 00 1a c0 1e 80 15 80 a9 
 464 16500 00 1a 60 1f 80 3c 80 de 
 464 16600 00 02 00 2c 80 4d 00 30 
 464 16700 00 17 c0 12 00 2f 80 9f 
 464 16800 00 00 c0 07 00 66 80 0e 
 464 16900 00 0d a0 3d 80 57 00 95 
 464 17000 00 0b 00 26 c0 41 80 94 
 446 17000 00 00 00 
 464 17100 00 14 a0 36 00 3b 80 b9 
 464 17200 00 05 60 2f c0 16 80 e4 
 464 17300 00 0f 80 05 80 74 00 34 
 464 17400 00 0b 20 2a 40 07 80 60 
 464 17500 00 13 e0 3d 40 32 80 75 
 464 17600 00 1a e0 32 c0 01 00 a6 
 464 17700 00 1d 00 13 00 42 80 71 
 464 17800 00 13 e0 19 80 35 80 f7 
 464 17900 00 05 20 1c 00 5c 80 d1 
 464 18000 00 08 20 1d 00 04 00 b9 
 446 18000 00 00 10 
 464 18100 00 10 00 33 c0 76 80 8f 
 464 18200 00 19 40 27 40 58 00 8e 
 464 18300 00 04 e0 12 40 38 00 ae 
 464 18400 00 1d 80 24 c0 57 00 54 
 464 18500 00 01 20 21 80 59 00 ee 
 464 18600 00 06 00 28 40 0d 00 bd 
 464 18700 00 19 60 32 c0 1a 00 f4 
 464 18800 00 17 60 19 c0 0e 00 17 
 464 18900 00 12 00 11 80 33 00 c8 
 464 19000 00 04 40 1a 00 62 80 e1 
 446 19000 00 00 00 
 464 19100 00 03 a0 1e c0 03 80 df 
 464 19200 00 11 a0 07 80 0a 80 17 
 464 19300 00 0d 20 23 40 7a 00 32 
 464 19400 00 08 a0 04 00 4d 80 cf 
 464 19500 00 01 e0 09 80 42 80 ae 
 464 19600 00 00 20 1c c0 6a 80 ea 
 464 19700 00 0e e0 24 00 40 80 74 
 464 19800 00 04 c0 00 c0 0a 80 ea 
 464 19900 00 0c 20 2d c0 08 00 ea 
 464 20000 00 09 20 2e 80 30 80 3b 
 446 20000 00 00 10 
 464 20100 00 11 80 16 80 2a 00 8d 
 464 20200 00 16 00 0e 80 77 00 90 
 464 20300 00 10 20 1f 80 79 80 b9 
 464 20400 00 11 60 04 c0 3e 00 17 
 464 20500 00 18 20 18 40 57 80 d8 
 464 20600 00 05 e0 1e 40 37 00 bb 
 464 20700 00 0d 40 09 40 1c 00 19 
 464 20800 00 02 80 21 40 2e 80 23 
 464 20900 00 00 60 1d 00 26 00 18 
 464 21000 00 11 80 16 40 58 80 e6 
 446 21000 00 00 00 
 464 21100 00 13 00 04 00 18 80 18 
 464 21200 00 07 40 06 80 30 80 a2 
 464 21300 00 14 80 05 80 10 80 a4 
 464 21400 00 04 e0 10 40 27 80 a8 
 464 21500 00 13 c0 30 80 06 80 a3 
 464 21600 00 16 00 0d c0 4e 80 e8 
 464 21700 00 0e 80 0a 40 5c 00 94 
 464 21800 00 19 80 09 00 6a 80 f9 
 464 21900 00 19 40 1f c0 1d 00 cb 
 464 22000 00 09 a0 14 c0 70 00 7f 
 446 22000 00 00 00 
 464 22100 00 18 20 11 00 77 00 db 
 464 22200 00 1e 20 2d 80 50 80 18 
 464 22300 00 03 c0 2f 40 46 80 83 
 464 22400 00 14 a0 20 40 3e 80 26 
 464 22500 00 1a 00 3c 40 13 80 09 
 464 22600 00 02 e0 14 00 10 80 4d 
 464 22700 00 0b c0 35 40 3d 00 72 
 464 22800 00 1e 80 31 80 51 00 91 
 464 22900 00 13 40 00 40 10 00 13 
 464 23000 00 06 00 27 40 5c 00 1c 
 446 23000 00 00 10 
 464 23100 00 0c e0 1e 40 11 80 3d 
 464 23200 00 1c 40 0f 00 2c 80 aa 
 464 23300 00 1c 40 1e 80 3b 00 4b 
 464 23400 00 1d 00 3a 80 11 00 b6 
 464 23500 00 1a 00 06 00 32 80 ca 
 464 23600 00 1e a0 0a 00 4d 00 c9 
 464 23700 00 1b 80 3c 80 52 80 76 
 464 23800 00 1c e0 10 c0 12 00 8d 
 464 23900 00 0f e0 1c 00 2f 80 87 
 464 24000 00 19 60 09 c0 59 80 64 
 446 24000 00 00 10 
 464 24100 00 12 60 2e 80 56 00 fa 
 464 24200 00 0e 00 23 80 74 80 ec 
 464 24300 00 1c 00 09 c0 4a 00 84 
 464 24400 00 17 20 23 40 75 00 b6 
 464 24500 00 19 00 0c 80 78 80 de 
 464 24600 00 0e 40 30 80 06 00 e7 
 464 24700 00 14 80 36 00 67 00 3e 
 464 24800 00 1d 60 3d 00 20 80 a3 
 464 24900 00 02 a0 16 00 42 80 d7 
 464 25000 00 12 20 2e c0 78 00 36 
 446 25000 00 00 10 
 464 25100 00 1a a0 35 80 52 80 8d 
 464 25200 00 0d 60 34 80 53 00 93 
 464 25300 00 18 c0 30 80 22 80 8e 
 464 25400 00 19 c0 0c 80 46 00 c0 
 464 25500 00 04 c0 16 80 1e 80 68 
 464 25600 00 1b e0 22 80 58 80 b3 
 464 25700 00 11 a0 02 40 3a 80 70 
 464 25800 00 10 80 3c 80 0f 00 f8 
 464 25900 00 14 80 2e c0 16 00 13 
 464 26000 00 11 40 36 00 36 00 8d 
 446 26000 00 00 00 
 464 26100 00 17 a0 29 c0 23 80 3a 
 464 26200 00 17 80 29 c0 31 00 33 
 464 26300 00 09 00 0a 40 64 00 9b 
 464 26400 00 16 40 33 80 3c 00 73 
 464 26500 00 0a 00 33 00 26 00 8c 
 464 26600 00 04 00 07 40 5c 80 24 
 464 26700 00 1b 40 26 80 74 00 f3 
 464 26800 00 16 a0 21 00 72 00 a7 
 464 26900 00 14 20 1c 00 5f 80 9d 
 464 27000 00 0d 00 37 40 53 80 33 
 446 27000 00 00 10 
 464 27100 00 15 00 3c 80 22 80 7c 
 464 27200 00 01 80 01 c0 57 00 c2 
 464 27300 00 06 80 39 00 2a 80 3e 
 464 27400 00 03 40 17 80 05 80 1b 
 464 27500 00 0d c0 1b 80 0a 80 7a 
 464 27600 00 12 e0 1d c0 4b 80 aa 
 464 27700 00 06 80 2d c0 43 80 c0 
 464 27800 00 1b 80 3a 40 47 00 0b 
 464 27900 00 1b 00 17 c0 06 80 03 
 464 28000 00 19 20 08 c0 20 80 6c 
 446 28000 00 00 10 
 464 28100 00 0e c0 37 40 75 00 96 
 464 28200 00 11 20 05 00 5f 00 01 
 464 28300 00 0b 60 16 40 4d 80 0a 
 464 28400 00 02 40 35 40 50 80 06 
 464 28500 00 0f e0 2b 00 08 80 6d 
 464 28600 00 07 40 0d c0 6c 00 f6 
 464 28700 00 17 60 32 80 3d 80 54 
 464 28800 00 12 20 0d c0 67 00 2b 
 464 28900 00 08 a0 37 c0 6e 80 a8 
 464 29000 00 1c 20 06 40 19 00 76 
 446 29000 00 00 10 
 464 29100 00 07 a0 35 80 39 00 44 
 464 29200 00 0e e0 33 40 76 00 eb 
 464 29300 00 08 00 3b 00 61 80 b6 
 464 29400 00 11 80 35 80 06 80 60 
 464 29500 00 0a 80 15 00 33 00 73 
 464 29600 00 0d e0 0a c0 1c 80 28 
 464 29710 00 1d 40 35 00 16 80 39 
 464 29810 00 11 60 15 80 4d 00 66 
 464 29900 00 18 c0 3b 40 6b 00 c3 
 464 30000 00 13 c0 30 c0 32 00 e0 
 446 30000 00 00 00 
 464 30100 00 06 60 2f 00 27 80 9d 
 464 30200 00 0f 20 20 00 78 00 99 
 464 30300 00 0b 40 37 80 0e 00 0f 
 464 30400 00 10 00 05 80 2b 80 db 
 464 30500 00 10 80 38 40 1b 00 6b 
 464 30600 00 13 60 10 00 05 80 39 
 464 30700 00 16 a0 33 40 41 00 62 
 464 30800 00 0a 40 13 c0 07 00 0c 
 464 30900 00 10 00 38 c0 09 00 21 
 464 31000 00 08 20 08 00 17 00 96 
 446 31000 00 00 10 
 464 31100 00 1e 00 00 40 71 00 90 
 464 31200 00 11 80 26 c0 48 00 f2 
 464 31300 00 17 80 34 c0 6e 00 ab 
 464 31400 00 17 e0 32 c0 01 80 a3 
 464 31500 00 05 00 37 80 39 00 0a 
 464 31600 00 17 c0 28 c0 5d 00 8e 
 464 31700 00 1a 80 24 00 2a 80 c7 
 464 31800 00 0b 20 15 00 33 00 0c 
 464 31900 00 01 40 16 c0 0d 80 24 
 464 32000 00 0d 40 03 00 7c 00 6b 
 446 32000 00 00 00 
 464 32100 00 03 00 24 00 08 00 8c 
 464 32200 00 1b e0 25 c0 42 80 85 
 464 32300 00 14 60 08 c0 22 80 a8 
 464 32400 00 0f e0 3a 00 33 00 be 
 464 32500 00 04 60 19 00 0d 80 c4 
 464 32600 00 01 60 26 80 0a 80 34 
 464 32700 00 03 c0 39 00 3f 80 59 
 464 32800 00 0c 20 16 c0 53 80 82 
 464 32900 00 05 a0 13 00 71 80 16 
 464 33000 00 18 e0 12 c0 4a 00 2a 
 446 33000 00 00 10 
 464 33100 00 02 e0 33 80 06 80 c4 
 464 33200 00 19 a0 1f 80 2c 00 ce 
 464 33300 00 1d 80 08 40 6e 00 b5 
 464 33400 00 1f 40 3c 40 1b 80 61 
 464 33500 00 09 e0 26 00 2e 80 95 
 464 33600 00 03 c0 12 80 54 00 f0 
 464 33700 00 12 e0 00 00 1c 00 67 
 464 33800 00 1c 60 0b 80 68 80 26 
 464 33900 00 03 e0 09 00 44 80 b7 
 464 34000 00 13 00 20 c0 1f 00 2e 
 446 34000 00 00 10 
 464 34100 00 0f 80 22 40 29 80 92 
 464 34200 00 01 00 3b 80 23 00 c8 
 464 34300 00 0e 80 06 00 7a 00 72 
 464 34400 00 08 e0 14 c0 45 00 5f 
 464 34500 00 00 00 33 00 08 80 88 
 464 34600 00 0b 00 08 40 32 00 62 
 464 34700 00 0f e0 22 40 18 00 7b 
 464 34800 00 14 60 15 c0 72 00 93 
 464 34900 00 08 a0 03 40 47 80 e8 
 464 35000 00 1e 00 3d c0 5c 80 47 
 446 35000 00 00 10 
 464 35100 00 0f 40 0c c0 42 80 63 
 464 35200 00 1b e0 00 40 70 00 ce 
 464 35300 00 14 80 05 c0 44 80 f6 
 464 35400 00 0a 20 35 c0 38 80 ad 
 464 35500 00 0b a0 3c 00 73 00 46 
 464 35600 00 00 00 25 40 5b 80 8d 
 464 35700 00 0e 60 14 00 21 80 4d 
 464 35800 00 07 a0 0d 40 45 00 dd 
 464 35900 00 0b a0 0a 80 78 00 a8 
 464 36000 00 19 80 25 c0 45 80 0a 
 446 36000 00 00 10 
 464 36100 00 0d e0 2c 00 0b 00 a5 
 464 36200 00 15 c0 0a 80 71 80 71 
 464 36300 00 14 40 39 80 0a 80 57 
 464 36400 00 10 e0 1d c0 26 00 05 
 464 36500 00 01 00 0a 40 2e 80 d5 
 464 36600 00 1c a0 08 40 16 80 b4 
 464 36700 00 00 20 1e c0 2e 80 25 
 464 36800 00 10 40 37 c0 51 80 fa 
 464 36900 00 0d 00 20 c0 72 80 e9 
 464 37000 00 1c a0 10 00 65 00 ae 
 446 37000 00 00 10 
 464 37100 00 16 00 1a c0 01 00 79 
 464 37200 00 00 20 2a 00 62 00 ac 
 464 37300 00 1a c0 19 80 24 80 62 
 464 37400 00 15 00 16 c0 50 80 33 
 464 37500 00 03 20 20 80 2c 80 8f 
 464 37600 00 08 60 03 40 03 00 49 
 464 37700 00 06 c0 38 c0 48 80 9a 
 464 37800 00 0c e0 16 40 35 00 0d 
 464 37900 00 15 c0 0c 40 09 80 13 
 464 38000 00 0c e0 17 00 24 80 30 
 446 38000 00 00 10 
 464 38100 00 1e 20 1a 80 48 00 da 
 464 38200 00 11 40 19 c0 2f 00 3b 
 464 38300 00 18 00 33 80 27 00 13 
 464 38400 00 02 60 11 80 4b 00 63 
 464 38500 00 0f 80 06 c0 15 80 9c 
 464 38600 00 09 80 3d 80 15 00 43 
 464 38700 00 12 60 27 40 4b 80 d7 
 464 38800 00 09 80 3a c0 29 80 bc 
 464 38900 00 0a 60 08 c0 3d 80 c0 
 464 39000 00 09 00 0e 80 34 80 7a 
 446 39000 00 00 10 
 464 39100 00 1f 20 13 c0 6a 80 2c 
 464 39200 00 0b c0 14 80 4a 80 28 
 464 39300 00 0c 80 12 40 1e 00 ef 
 464 39400 00 1a 40 20 40 34 80 b2 
 464 39500 00 00 60 07 80 5e 00 67 
 464 39600 00 14 40 24 00 5f 00 43 
 464 39700 00 0f 60 13 00 64 00 1f 
 464 39800 00 1f 20 26 80 64 00 a1 
 464 39900 00 0e 00 30 40 42 00 ee 
 464 40000 00 00 40 1b 80 2f 00 7c 
 446 40000 00 00 10 
 464 40100 00 17 80 20 00 5a 80 21 
 464 40200 00 09 40 36 c0 69 00 75 
 464 40300 00 14 e0 06 00 73 80 b7 
 464 40400 00 1e e0 1f 40 50 00 6c 
 464 40500 00 1a 80 02 80 42 80 8a 
 464 40600 00 02 c0 34 c0 5d 00 34 
 464 40700 00 0f 40 30 80 72 00 9a 
 464 40800 00 03 20 38 00 3e 00 3a 
 464 40900 00 1e 60 34 00 67 00 4b 
 464 41000 00 1d 80 17 c0 31 00 d8 
 446 41000 00 00 00 
 464 41100 00 1c 40 0a 40 3d 80 7e 
 464 41200 00 1b 00 34 40 46 80 8e 
 464 41300 00 07 a0 17 80 23 00 67 
 464 41400 00 0e c0 28 c0 60 00 75 
 464 41500 00 11 e0 04 c0 23 80 2a 
 464 41600 00 03 00 05 80 06 80 9b 
 464 41700 00 07 c0 05 80 2f 00 2c 
 464 41800 00 0d 20 38 c0 1f 00 7c 
 464 41900 00 1d c0 39 c0 37 00 bb 
 464 42000 00 01 e0 39 80 33 00 9b 
 446 42000 00 00 00 
 464 42100 00 17 00 2e c0 0e 80 c3 
 464 42200 00 02 c0 05 00 6e 80 74 
 464 42300 00 10 00 21 40 44 80 9a 
 464 42400 00 01 a0 14 00 25 80 b9 
 464 42500 00 0b e0 07 80 43 80 ed 
 464 42600 00 1a 60 05 40 5e 00 ba 
 464 42700 00 1b a0 1e 80 7b 80 ae 
 464 42800 00 18 a0 2d c0 64 80 ef 
 464 42900 00 0e 40 02 00 3f 00 5c 
 464 43000 00 01 e0 35 c0 63 80 58 
 446 43000 00 00 00 
 464 43100 00 06 a0 23 80 60 80 43 
 464 43200 00 04 e0 1d 40 31 00 03 
 464 43300 00 0b 00 28 c0 23 80 a7 
 464 43400 00 17 e0 1e 80 2a 00 07 
 464 43500 00 0b 40 2b 80 5c 00 5a 
 464 43600 00 1f 20 2e c0 4a 00 63 
 464 43700 00 19 20 39 80 3c 80 94 
 464 43800 00 00 a0 23 00 2a 80 79 
 464 43900 00 18 60 27 40 13 80 16 
 464 44000 00 0b e0 18 c0 60 80 f2 
 446 44000 00 00 00 
 464 44100 00 05 e0 13 40 14 00 77 
 464 44200 00 1b 40 16 c0 3c 80 45 
 464 44300 00 15 e0 0a c0 1a 00 4c 
 464 44400 00 16 20 1d 00 49 00 05 
 464 44500 00 0c 20 07 00 18 00 34 
 464 44600 00 0b 60 05 80 56 80 2e 
 464 44700 00 18 40 30 c0 57 00 0d 
 464 44800 00 0d 60 13 00 0e 80 1e 
 464 44900 00 18 00 04 c0 60 00 d3 
 464 45000 00 04 e0 05 40 11 80 39 
 446 45000 00 00 10 
 464 45100 00 1b a0 1f 80 6e 00 76 
 464 45200 00 1a 00 37 40 63 00 64 
 464 45300 00 08 e0 3b 80 65 80 2a 
 464 45400 00 06 e0 2d 00 4c 80 16 
 464 45500 00 18 e0 03 00 04 00 51 
 464 45600 00 1d 00 02 80 67 00 c1 
 464 45700 00 10 c0 28 80 08 00 e7 
 464 45800 00 04 c0 34 00 59 00 f0 
 464 45900 00 1c a0 0f 80 17 80 c7 
 464 46000 00 08 40 37 00 26 00 93 
 446 46000 00 00 00 
 464 46100 00 0e a0 21 c0 05 00 2b 
 464 46200 00 15 00 10 80 05 80 6d 
 464 46300 00 15 60 0a 00 6b 00 65 
 464 46400 00 03 40 23 80 31 00 23 
 464 46500 00 1b 40 30 80 12 00 27 
 464 46600 00 0c 00 06 80 34 00 40 
 464 46700 00 1a e0 30 00 13 00 a5 
 464 46800 00 02 60 17 40 41 00 86 
 464 46900 00 16 40 05 00 42 80 b0 
 464 47000 00 0a e0 0c 40 32 80 45 
 446 47000 00 00 10 
 464 47100 00 07 20 33 00 2d 80 3a 
 464 47200 00 19 e0 01 c0 0c 80 c0 
 464 47300 00 03 e0 04 80 42 80 aa 
 464 47400 00 0d 80 2c 80 72 80 7f 
 464 47500 00 0a a0 2f c0 35 80 f8 
 464 47600 00 1a 80 1c 40 7a 00 8a 
 464 47700 00 12 c0 09 80 15 80 b7 
 464 47800 00 1c c0 31 00 35 00 e7 
 464 47900 00 16 80 22 80 47 80 a9 
 464 48000 00 01 20 30 80 15 00 98 
 446 48000 00 00 10 
 464 48100 00 1e 40 35 40 1a 80 b6 
 464 48200 00 0d 40 2a 80 11 80 2f 
 464 48300 00 15 20 30 c0 5a 80 e0 
 464 48400 00 1a 60 21 00 78 80 9c 
 464 48500 00 14 20 0b c0 24 00 a0 
 464 48600 00 00 60 1a 00 17 00 32 
 464 48700 00 02 c0 0c 40 00 80 2a 
 464 48800 00 04 00 2a c0 53 80 73 
 464 48900 00 08 60 33 00 45 80 bc 
 464 49000 00 03 20 20 00 26 80 ea 
 446 49000 00 00 00 
 464 49100 00 1a 20 04 80 5f 80 e1 
 464 49200 00 02 60 03 c0 20 80 28 
 464 49300 00 08 c0 08 40 74 80 97 
 464 49400 00 04 00 2d 40 09 80 ae 
 464 49500 00 1a a0 05 80 66 00 45 
 464 49600 00 06 c0 3d c0 2b 00 ed 
 464 49700 00 0e 00 10 40 4d 00 e1 
 464 49800 00 10 a0 0e 00 0a 00 b7 
 464 49900 00 02 00 14 c0 36 00 6a 
 464 50000 00 03 a0 01 80 05 80 68 
 446 50000 00 00 10 
 464 50100 00 04 40 2c c0 27 00 22 
 464 50200 00 02 a0 05 00 41 00 64 
 464 50300 00 06 20 11 00 1b 00 ac 
 464 50400 00 14 c0 19 80 0d 80 6f 
 464 50500 00 14 60 05 80 6b 80 b3 
 464 50600 00 10 00 05 00 1c 80 a7 
 464 50700 00 0d e0 0a 80 41 00 20 
 464 50800 00 0f 20 26 00 72 80 ce 
 464 50900 00 19 00 3b 80 16 80 d8 
 464 51000 00 15 a0 37 c0 27 00 40 
 446 51000 00 00 10 
 464 51100 00 10 a0 10 c0 6c 80 c4 
 464 51200 00 07 20 32 80 50 80 1e 
 464 51300 00 0c 20 0d 00 3e 80 3a 
 464 51400 00 0f a0 22 c0 36 80 a0 
 464 51500 00 14 a0 2f c0 1a 00 a4 
 464 51600 00 1a 40 20 80 34 80 3e 
 464 51700 00 03 60 2a 40 69 00 8b 
 464 51800 00 09 00 1a 80 6f 00 40 
 464 51900 00 03 00 32 80 71 00 b7 
 464 52000 00 01 20 01 00 38 00 fa 
 446 52000 00 00 10 
 464 52100 00 1e e0 1f 80 37 80 2d 
 464 52200 00 15 a0 04 00 30 00 69 
 464 52300 00 1f 40 07 00 64 80 5f 
 464 52400 00 1a e0 28 80 19 80 bb 
 464 52500 00 01 20 00 80 53 00 2c 
 464 52600 00 19 60 3b 40 64 80 2e 
 464 52700 00 07 a0 0d c0 73 00 4e 
 464 52800 00 0a 60 37 80 27 00 79 
 464 52900 00 12 20 12 c0 0d 80 20 
 464 53000 00 14 00 27 c0 00 00 6b 
 446 53000 00 00 00 
 464 53100 00 10 40 2c c0 1a 00 ab 
 464 53200 00 0e 60 03 c0 1e 80 9f 
 464 53300 00 18 20 1c c0 2b 00 eb 
 464 53400 00 1b 00 27 00 31 00 81 
 464 53500 00 1e c0 04 c0 66 00 02 
 464 53600 00 09 a0 0b c0 71 00 b5 
 464 53700 00 0f 40 1a c0 74 00 e3 
 464 53800 00 0b 80 37 80 1b 00 93 
 464 53900 00 0d 60 2f 80 5c 00 f9 
 464 54000 00 15 20 21 40 48 00 5b 
 446 54000 00 00 10 
 464 54100 00 19 80 3e 80 08 80 34 
 464 54200 00 1e 20 38 40 01 00 1c 
 464 54300 00 1a 40 10 40 56 80 19 
 464 54400 00 07 00 0e 80 05 80 0c 
 464 54500 00 0d 80 11 40 72 00 0e 
 464 54600 00 1e 60 04 00 28 00 c1 
 464 54700 00 0d 60 2b 80 08 00 57 
 464 54800 00 06 00 32 00 4d 00 7a 
 464 54900 00 15 40 3c 40 49 80 ec 
 464 55000 00 1d 80 0a 00 44 00 c7 
 446 55000 00 00 00 
 464 55100 00 19 40 39 40 7a 80 9e 
 464 55200 00 17 00 30 00 75 00 92 
 464 55300 00 10 c0 38 00 35 00 0f 
 464 55400 00 16 a0 2e 80 05 00 31 
 464 55500 00 17 e0 06 c0 5a 00 1a 
 464 55600 00 0a 40 36 40 29 00 ee 
 464 55700 00 01 60 10 40 26 00 46 
 464 55800 00 17 60 0a 40 23 00 91 
 464 55900 00 0f c0 19 80 52 00 7d 
 464 56000 00 19 20 34 40 6f 80 f9 
 446 56000 00 00 10 
 464 56100 00 0e 00 2e 00 04 00 58 
 464 56200 00 17 60 02 80 28 80 8e 
 464 56300 00 18 e0 25 80 42 80 cc 
 464 56400 00 1e a0 35 80 48 80 85 
 464 56500 00 06 e0 0e c0 70 80 09 
 464 56600 00 1b 40 16 c0 05 00 e7 
 464 56700 00 07 c0 01 40 34 80 b9 
 464 56800 00 13 20 39 40 06 80 e8 
 464 56900 00 0d 40 0c c0 2b 80 92 
 464 57000 00 0b 60 15 c0 37 00 35 
 446 57000 00 00 10 
 464 57100 00 1d 00 37 00 7b 80 6b 
 464 57200 00 0e c0 24 80 46 80 51 
 464 57300 00 16 e0 3c 40 56 00 a2 
 464 57400 00 10 e0 37 c0 4a 80 2e 
 464 57500 00 18 e0 07 80 51 00 c0 
 464 57600 00 09 e0 38 80 5e 80 24 
 464 57700 00 04 60 11 c0 69 80 26 
 464 57800 00 16 20 14 00 12 00 c7 
 464 57900 00 13 00 1e 00 3f 80 25 
 464 58000 00 1b a0 20 00 6e 80 70 
 446 58000 00 00 00 
 464 58100 00 1a c0 33 c0 0a 00 4e 
 464 58200 00 0a 60 29 c0 1d 00 9b 
 464 58300 00 01 e0 18 40 18 80 12 
 464 58400 00 1a 00 2c 00 3c 80 ad 
 464 58500 00 1e e0 22 00 45 00 60 
 464 58600 00 09 c0 21 c0 4b 00 b4 
 464 58700 00 05 80 2c 80 48 80 ed 
 464 58800 00 0f 60 28 80 2d 80 01 
 464 58900 00 02 c0 17 c0 60 80 20 
 464 59000 00 0b c0 39 80 6c 00 bb 
 446 59000 00 00 10 
 464 59100 00 00 20 2e c0 33 00 9f 
 464 59200 00 1e c0 37 00 55 80 00 
 464 59300 00 19 c0 17 80 4d 00 19 
 464 59400 00 10 20 08 80 13 00 2a 
 464 59500 00 08 a0 16 00 30 00 4e 
 464 59600 00 0f 00 0c 40 37 00 03 
 464 59700 00 05 40 37 40 3c 80 23 
 464 59800 00 0c 80 1e c0 69 80 b0 
 464 59900 00 02 c0 05 40 1d 00 4c 
 464 60000 00 19 60 13 00 41 00 54 
 446 60000 00 00 10 
 464 60100 00 0a a0 24 c0 0c 00 42 
 464 60200 00 13 20 37 c0 1a 80 2b 
 464 60300 00 1b 80 00 80 2d 80 b8 
 464 60400 00 18 a0 23 00 43 00 a1 
 464 60500 00 03 00 3c 00 0a 00 12 
 464 60600 00 09 20 17 00 5e 00 3c 
 464 60700 00 0f 60 05 40 7a 80 5b 
 464 60800 00 0c e0 34 c0 4c 00 dc 
 464 60900 00 12 80 1c c0 47 00 85 
 464 61000 00 1b c0 0d 40 24 00 b0 
 446 61000 00 00 00 
 464 61100 00 0e 00 3e 80 3a 00 4b 
 464 61200 00 02 c0 14 40 3e 00 0f 
 464 61300 00 1b a0 36 40 4b 80 34 
 464 61400 00 1a 00 34 80 0a 80 34 
 464 61500 00 00 60 29 80 53 80 c1 
 464 61600 00 00 40 3d 40 02 80 98 
 464 61700 00 10 c0 31 c0 1f 00 9b 
 464 61800 00 09 c0 02 40 23 80 e8 
 464 61900 00 14 40 0d 80 6a 00 12 
 464 62000 00 15 c0 0a 00 3b 80 0c 
 446 62000 00 00 10 
 464 62100 00 03 60 05 00 0e 00 17 
 464 62200 00 05 20 22 c0 59 80 5c 
 464 62300 00 15 80 03 00 13 80 b9 
 464 62400 00 1a 00 02 40 6e 80 6a 
 464 62500 00 0f a0 22 80 49 80 55 
 464 62600 00 17 a0 0e 00 32 80 2d 
 464 62700 00 01 e0 11 c0 56 80 12 
 464 62800 00 06 60 2c 40 39 00 7a 
 464 62900 00 16 80 08 c0 6c 80 96 
 464 63000 00 04 c0 1e 40 30 80 51 
 446 63000 00 00 10 
 464 63100 00 00 40 26 00 16 00 b6 
 464 63200 00 04 60 15 80 2f 00 b5 
 464 63300 00 0c 80 06 80 4e 80 07 
 464 63400 00 13 00 2b 80 69 00 e5 
 464 63500 00 11 40 3e 00 6f 80 9e 
 464 63600 00 07 a0 1a c0 6f 00 67 
 464 63700 00 0f e0 19 80 20 00 9c 
 464 63800 00 1b 20 23 40 03 00 29 
 464 63900 00 13 80 01 80 62 00 0c 
 464 64000 00 02 e0 1b c0 0b 80 c3 
 446 64000 00 00 00 
 464 64100 00 11 40 07 80 5c 80 db 
 464 64200 00 0b c0 24 c0 3b 80 82 
 464 64300 00 1d 00 0f c0 03 00 c5 
 464 64400 00 12 c0 19 40 66 80 ba 
 464 64500 00 01 60 04 00 58 80 88 
 464 64600 00 0f a0 38 00 09 80 77 
 464 64700 00 0a 00 1f c0 28 80 75 
 464 64800 00 0d c0 1b c0 6f 00 58 
 464 64900 00 01 60 36 40 5b 00 03 
 464 65000 00 15 60 1e 80 52 80 f1 
 446 65000 00 00 00 
 464 65100 00 0c 60 0d 80 67 00 f1 
 464 65200 00 1e e0 2a 80 08 00 4d 
 464 65300 00 13 00 39 80 12 80 ab 
 464 65400 00 16 c0 0c 40 26 80 3f 
 464 65500 00 17 40 30 40 69 00 e1 
 464 65600 00 07 00 1d 40 25 80 9c 
 464 65700 00 01 00 18 00 39 80 7a 
 464 65800 00 14 20 18 00 1e 80 65 
 464 65900 00 08 e0 30 80 20 00 b9 
 464 66000 00 1a 80 1e 80 4b 00 76 
 446 66000 00 00 10 
 464 66100 00 1d e0 16 00 20 00 cd 
 464 66200 00 1c 80 24 80 22 00 8a 
 464 66300 00 06 a0 12 c0 0f 80 7e 
 464 66400 00 09 40 21 00 3b 00 c5 
 464 66500 00 07 a0 0e c0 16 80 c0 
 464 66600 00 0d 20 34 80 58 00 99 
 464 66700 00 14 c0 23 c0 34 80 4f 
 464 66800 00 1e e0 10 c0 13 80 9a 
 464 66900 00 05 20 34 c0 68 80 d9 
 464 67000 00 06 c0 0b 80 14 00 c8 
 446 67000 00 00 00 
 464 67100 00 05 60 04 c0 1f 00 46 
 464 67200 00 08 80 2a 80 34 80 40 
 464 67300 00 05 e0 22 40 0f 80 b7 
 464 67400 00 1a 80 14 80 39 80 5a 
 464 67500 00 12 00 10 c0 72 00 c3 
 464 67600 00 1b e0 32 80 68 80 38 
 464 67700 00 0f 00 30 80 20 00 9a 
 464 67800 00 19 80 17 00 33 80 6d 
 464 67900 00 1c c0 2b 00 76 00 2e 
 464 68000 00 1a c0 11 80 14 80 36 
 446 68000 00 00 10 
 464 68100 00 1d c0 1a 00 00 80 4d 
 464 68200 00 03 80 17 80 02 00 c7 
 464 68300 00 12 20 09 40 77 80 40 
 464 68400 00 14 60 25 40 6d 00 7d 
 464 68500 00 08 60 2f 80 3d 00 a1 
 464 68600 00 17 e0 3c 40 2e 80 2b 
 464 68700 00 02 e0 21 c0 62 00 ee 
 464 68800 00 09 c0 1f c0 67 00 9a 
 464 68900 00 1e a0 1f 00 56 00 28 
 464 69000 00 06 a0 00 80 49 00 b8 
 446 69000 00 00 10 
 464 69100 00 0b 40 17 40 3e 80 6e 
 464 69200 00 07 e0 04 40 22 00 14 
 464 69300 00 18 00 2e c0 78 00 f5 
 464 69400 00 07 a0 07 00 07 00 35 
 464 69500 00 03 80 3e 00 6a 80 cd 
 464 69600 00 0b 80 03 00 2d 80 08 
 464 69700 00 05 c0 28 80 01 80 29 
 464 69800 00 11 c0 34 c0 78 00 5b 
 464 69900 00 11 40 06 40 50 00 5c 
 464 70000 00 03 20 04 80 7b 00 db 
 446 70000 00 00 10 
 464 70100 00 1b a0 0b 40 24 80 0b 
 464 70200 00 1b 80 39 40 35 00 87 
 464 70300 00 1e 80 17 c0 2d 00 99 
 464 70400 00 0c 40 11 80 06 00 bf 
 464 70500 00 18 e0 22 c0 7a 00 81 
 464 70600 00 1c 20 16 80 4b 00 20 
 464 70700 00 01 20 08 80 4e 80 12 
 464 70800 00 1c c0 3c 80 6b 00 3f 
 464 70900 00 16 00 0e 80 13 00 09 
 464 71000 00 1a a0 1c 80 32 80 c0 
 446 71000 00 00 00 
 464 71100 00 02 60 2b c0 2f 00 73 
 464 71200 00 0c 20 18 00 51 80 16 
 464 71300 00 02 a0 12 00 23 00 69 
 464 71400 00 13 60 00 40 65 80 d9 
 464 71500 00 1d c0 38 80 1c 00 27 
 464 71600 00 07 c0 3b 40 04 80 db 
 464 71700 00 0d 20 22 00 35 80 5d 
 464 71800 00 17 e0 0f 40 49 00 d5 
 464 71900 00 00 00 2c 40 38 80 e2 
 464 72000 00 1e a0 1a c0 70 80 20 
 446 72000 00 00 00 
 464 72100 00 09 60 3d 40 14 80 47 
 464 72200 00 05 00 17 80 68 80 54 
 464 72300 00 0f 20 35 00 55 00 ed 
 464 72400 00 0a c0 1e 80 0e 00 80 
 464 72500 00 05 c0 0c c0 59 80 a5 
 464 72600 00 11 a0 23 c0 24 80 a6 
 464 72700 00 11 60 09 40 04 80 6d 
 464 72800 00 1c e0 1d 00 08 00 bd 
 464 72900 00 02 a0 26 80 4f 80 f6 
 464 73000 00 00 20 03 40 57 00 02 
 446 73000 00 00 00 
 464 73100 00 03 00 2f 40 06 00 92 
 464 73200 00 0c c0 11 40 28 00 c4 
 464 73300 00 0f 00 16 40 05 80 69 
 464 73400 00 09 40 29 00 52 80 78 
 464 73500 00 16 20 1e 00 73 00 12 
 464 73600 00 0b 60 17 c0 6f 00 5c 
 464 73700 00 06 c0 1e c0 76 00 f8 
 464 73800 00 1a a0 30 80 45 80 29 
 464 73900 00 02 20 0c 40 1d 80 44 
 464 74000 00 13 e0 11 40 65 00 e7 
 446 74000 00 00 10 
 464 74100 00 0b a0 01 00 6a 00 e2 
 464 74200 00 14 00 3a c0 60 00 39 
 464 74300 00 18 40 1c 80 45 00 cc 
 464 74400 00 0a 40 39 40 28 80 39 
 464 74500 00 1f 20 22 c0 5f 80 1d 
 464 74600 00 1a 40 18 00 7b 80 d0 
 464 74700 00 0a 60 06 80 05 80 33 
 464 74800 00 17 a0 38 00 58 00 d6 
 464 74900 00 1c 20 24 c0 34 80 0a 
 464 75000 00 14 60 2f 40 2e 80 c4 
 446 75000 00 00 10 
 464 75100 00 1b 60 37 00 47 00 d3 
 464 75200 00 0a 80 34 00 13 00 55 
 464 75300 00 04 40 05 40 30 80 6b 
 464 75400 00 0d a0 33 00 5b 00 6c 
 464 75500 00 18 20 1a 40 44 80 0f 
 464 75600 00 14 e0 06 40 0e 80 b5 
 464 75700 00 09 e0 03 80 4b 80 9b 
 464 75800 00 03 e0 33 40 5a 00 1b 
 464 75900 00 12 c0 1c 80 65 80 cb 
 464 76000 00 0e 20 23 80 0a 00 b6 
 446 76000 00 00 10 
 464 76100 00 19 20 07 40 09 00 e9 
 464 76200 00 1f 00 20 80 5c 80 88 
 464 76300 00 1b 20 2c 40 6b 80 26 
 464 76400 00 19 60 12 c0 08 00 cf 
 464 76500 00 10 60 0e 80 52 00 6c 
 464 76600 00 15 80 11 c0 76 00 d3 
 464 76700 00 07 40 3b 00 43 80 2a 
 464 76800 00 09 20 22 80 08 00 b9 
 464 76900 00 0f 40 33 80 78 00 0f 
 464 77000 00 17 e0 0b 40 48 80 a1 
 446 77000 00 00 00 
 464 77100 00 04 00 06 00 6d 80 ee 
 464 77200 00 14 e0 38 40 3c 80 10 
 464 77300 00 1e a0 03 c0 55 00 91 
 464 77400 00 01 40 1b 80 33 80 2a 
 464 77500 00 03 20 35 c0 47 80 3a 
 464 77600 00 1e a0 0b c0 5d 00 d0 
 464 77700 00 14 c0 37 c0 1f 00 24 
 464 77800 00 13 20 33 80 2d 80 32 
 464 77900 00 1e 80 1c 80 0e 80 3f 
 464 78000 00 00 20 0d 40 7c 00 25 
 446 78000 00 00 10 
 464 78100 00 13 a0 2f 40 34 80 64 
 464 78200 00 11 40 3a 40 0e 00 d3 
 464 78300 00 08 40 34 40 40 00 43 
 464 78400 00 1e 80 0b 00 6f 00 59 
 464 78500 00 00 40 17 c0 01 80 23 
 464 78600 00 01 60 07 c0 66 00 09 
 464 78700 00 16 a0 21 80 09 80 55 
 464 78800 00 1f 40 28 80 65 80 9a 
 464 78900 00 0e 00 28 80 0d 80 de 
 464 79000 00 01 40 2f 00 22 80 47 
 446 79000 00 00 10 
 464 79100 00 09 40 36 00 7b 00 cb 
 464 79200 00 09 00 18 40 67 00 18 
 464 79300 00 1a 40 13 00 4c 80 67 
 464 79400 00 0c 20 30 80 03 00 56 
 464 79500 00 0e a0 04 40 68 00 3f 
 464 79600 00 12 60 34 c0 2e 00 b7 
 464 79700 00 09 80 06 80 4b 80 f7 
 464 79800 00 09 a0 03 40 42 80 22 
 464 79900 00 15 80 16 80 0a 00 44 
 464 80000 00 07 60 25 80 31 00 d2 
 446 80000 00 00 10 
 464 80100 00 11 60 28 00 2f 00 18 
 464 80200 00 16 a0 13 c0 4b 80 d9 
 464 80300 00 17 60 08 80 10 00 03 
 464 80400 00 08 60 0e c0 38 00 57 
 464 80500 00 1b 60 3c 80 58 80 44 
 464 80600 00 18 00 19 00 01 00 29 
 464 80700 00 0d a0 0e 80 49 80 c8 
 464 80800 00 0a c0 24 40 38 00 a7 
 464 80900 00 18 40 36 80 33 00 9f 
 464 81000 00 0c 20 29 80 6c 00 50 
 446 81000 00 00 10 
 464 81100 00 0d 20 03 80 7c 80 11 
 464 81200 00 04 00 3d 00 09 80 b9 
 464 81300 00 09 40 19 40 0b 00 26 
 464 81400 00 05 e0 1a 80 1e 80 af 
 464 81500 00 06 00 3b c0 5f 00 cc 
 464 81600 00 12 40 1d 80 18 80 78 
 464 81700 00 0e 80 19 40 0c 00 a9 
 464 81800 00 1b 40 09 c0 74 00 25 
 464 81900 00 09 20 1e 80 27 80 42 
 464 82000 00 0a a0 1e 00 18 80 6f 
 446 82000 00 00 10 
 464 82100 00 1e c0 15 40 08 00 11 
 464 82200 00 17 a0 3e 40 22 00 b3 
 464 82300 00 10 00 2d 80 43 80 4e 
 464 82400 00 07 a0 2c 40 6b 00 cf 
 464 82500 00 07 20 24 c0 2e 80 8b 
 464 82600 00 06 e0 34 00 50 00 57 
 464 82700 00 1c a0 14 40 32 00 5d 
 464 82800 00 13 a0 16 00 34 00 14 
 464 82900 00 10 60 1d 00 75 00 6c 
 464 83000 00 11 c0 31 c0 13 00 13 
 446 83000 00 00 00 
 464 83100 00 05 00 21 00 1e 00 68 
 464 83200 00 12 c0 0b 00 37 80 2c 
 464 83300 00 0a c0 0d c0 04 00 ad 
 464 83400 00 0a 40 2b 00 5c 80 3b 
 464 83500 00 1b 00 26 40 1b 00 30 
 464 83600 00 1e 00 17 40 6d 00 64 
 464 83700 00 04 e0 1b c0 4d 80 96 
 464 83800 00 18 80 0d 00 69 80 4b 
 464 83900 00 0b a0 11 40 1c 80 a5 
 464 84000 00 0e 60 10 c0 09 80 83 
 446 84000 00 00 00 
 464 84100 00 07 40 09 00 10 00 4e 
 464 84200 00 1b 60 31 c0 60 80 4d 
 464 84300 00 11 80 03 80 09 00 3b 
 464 84400 00 0d c0 17 40 5f 00 bb 
 464 84500 00 05 00 11 40 36 80 cf 
 464 84600 00 00 c0 01 40 21 80 2b 
 464 84700 00 0e 80 05 40 52 80 ea 
 464 84800 00 0d 20 18 40 14 00 dd 
 464 84900 00 10 60 03 c0 41 00 54 
 464 85000 00 03 e0 1e c0 3e 80 f4 
 446 85000 00 00 00 
 464 85100 00 12 20 3a 80 58 00 0c 
 464 85200 00 1b 60 1b c0 69 00 79 
 464 85300 00 01 60 26 80 6c 00 66 
 464 85400 00 0a 40 2b 00 06 80 39 
 464 85500 00 02 a0 03 c0 40 00 a0 
 464 85600 00 08 c0 1f 00 17 80 1b 
 464 85700 00 09 a0 30 40 54 80 50 
 464 85800 00 17 a0 31 80 0d 00 9f 
 464 85900 00 0e c0 0d 80 68 80 9b 
 464 86000 00 14 40 17 40 50 80 34 
 446 86000 00 00 00 
 464 86100 00 1a e0 1d c0 2f 80 12 
 464 86200 00 0c 60 0a 80 19 80 d7 
 464 86300 00 10 20 03 80 64 80 fa 
 464 86400 00 18 20 19 40 7a 00 b8 
 464 86500 00 1a 80 2a c0 5f 00 43 
 464 86600 00 08 20 19 c0 1e 80 e9 
 464 86700 00 05 a0 04 80 04 80 36 
 464 86800 00 07 a0 13 80 19 00 b2 
 464 86900 00 0f 60 18 40 0e 00 c1 
 464 87000 00 04 e0 39 80 00 00 9b 
 446 87000 00 00 10 
 464 87100 00 0d a0 1c 40 4e 80 03 
 464 87200 00 0b c0 03 40 53 80 27 
 464 87300 00 19 60 24 c0 01 80 36 
 464 87400 00 01 80 2f 00 70 00 67 
 464 87500 00 0f 40 2f 40 74 80 29 
 464 87600 00 19 a0 17 80 17 80 a8 
 464 87700 00 0b e0 25 80 11 00 28 
 464 87800 00 1e c0 38 00 60 00 b3 
 464 87900 00 07 60 2a 40 13 00 af 
 464 88000 00 02 c0 2f 00 5f 80 bf 
 446 88000 00 00 10 
 464 88100 00 02 80 0d 40 6e 80 31 
 464 88200 00 14 40 0f 40 65 80 06 
 464 88300 00 19 e0 1f c0 79 80 1d 
 464 88400 00 07 c0 14 80 54 80 52 
 464 88500 00 17 00 39 c0 5f 00 82 
 464 88600 00 0b 00 19 40 43 80 b5 
 464 88700 00 05 60 32 80 77 00 de 
 464 88800 00 01 e0 06 c0 24 00 a0 
 464 88900 00 0b 20 2a 80 42 00 79 
 464 89000 00 0a 20 27 00 47 00 3e 
 446 89000 00 00 10 
 464 89100 00 0f 40 1d c0 2f 00 85 
 464 89200 00 1b c0 08 c0 1d 80 94 
 464 89300 00 09 60 30 00 46 00 dd 
 464 89400 00 1e c0 35 c0 23 80 d7 
 464 89500 00 09 c0 04 80 1e 00 cf 
 464 89600 00 14 c0 3d 40 04 80 7d 
 464 89700 00 0b 40 3e 40 69 00 c6 
 464 89800 00 1a 60 19 c0 2c 80 f9 
 464 89900 00 12 a0 0c 00 1d 80 46 
 464 90000 00 0e a0 28 40 66 00 dd 
 446 90000 00 00 10 
 464 90100 00 11 e0 35 00 5b 80 ab 
 464 90200 00 1e 80 07 c0 1c 00 a3 
 464 90300 00 13 20 27 40 2d 80 b5 
 464 90400 00 13 80 20 80 7a 00 5e 
 464 90500 00 0e 60 2b 40 40 80 49 
 464 90600 00 02 00 0d 40 09 80 d9 
 464 90700 00 15 e0 34 c0 5e 00 f0 
 464 90800 00 0e e0 18 80 49 80 24 
 464 90900 00 19 40 35 c0 25 80 4d 
 464 91000 00 02 a0 3e 80 40 80 f5 
 446 91000 00 00 00 
 464 91100 00 1b e0 0f 80 49 00 cb 
 464 91200 00 0b e0 2e 00 08 80 64 
 464 91300 00 0f 40 34 00 2f 00 d7 
 464 91400 00 08 e0 04 40 02 80 29 
 464 91500 00 18 20 08 c0 3e 80 3f 
 464 91600 00 0d c0 0b 40 6e 00 4a 
 464 91700 00 0b 00 1a c0 47 00 74 
 464 91800 00 0a 80 04 c0 09 00 27 
 464 91900 00 12 80 1b 40 2c 00 cf 
 464 92000 00 1e 40 30 40 0a 80 89 
 446 92000 00 00 10 
 464 92100 00 1c 20 0f c0 16 80 43 
 464 92200 00 02 c0 09 40 3e 00 1e 
 464 92300 00 12 20 34 40 4c 00 ba 
 464 92400 00 10 60 0f c0 27 80 7a 
 464 92500 00 08 c0 36 00 70 80 5a 
 464 92600 00 16 20 30 c0 0a 80 75 
 464 92700 00 17 60 1f 80 05 00 5d 
 464 92800 00 0f 00 37 c0 1e 80 8e 
 464 92900 00 03 20 0c c0 15 00 64 
 464 93000 00 1b a0 06 80 54 00 3c 
 446 93000 00 00 10 
 464 93100 00 0a 20 11 c0 74 80 87 
 464 93200 00 1b e0 15 00 2d 00 35 
 464 93300 00 02 c0 34 c0 31 80 de 
 464 93400 00 07 c0 3a 80 42 00 b6 
 464 93500 00 10 60 1c 80 64 80 56 
 464 93600 00 0c c0 31 00 16 80 23 
 464 93700 00 11 c0 21 00 43 00 1c 
 464 93800 00 1d 80 1c 40 1e 80 ad 
 464 93900 00 08 e0 18 40 46 80 09 
 464 94000 00 10 e0 33 80 18 80 9b 
 446 94000 00 00 00 
 464 94100 00 0c 20 18 40 3d 80 8b 
 464 94200 00 03 40 35 80 60 80 28 
 464 94300 00 15 40 1e 80 7a 00 1c 
 464 94400 00 0e e0 35 40 69 00 61 
 464 94500 00 15 80 10 c0 4c 00 e1 
 464 94600 00 0a c0 22 40 04 80 9e 
 464 94700 00 06 80 38 c0 14 00 61 
 464 94800 00 03 a0 0c 40 72 80 f7 
 464 94900 00 0f 00 2c 40 1f 80 eb 
 464 95000 00 09 40 24 40 61 80 55 
 446 95000 00 00 00 
 464 95100 00 07 c0 27 c0 2c 00 2e 
 464 95200 00 06 20 39 80 1f 80 d4 
 464 95300 00 13 40 1c 00 77 80 12 
 464 95400 00 11 20 1c 40 3b 80 f5 
 464 95500 00 0c c0 0e 00 6e 00 9c 
 464 95600 00 06 40 13 00 61 80 37 
 464 95700 00 17 00 1c 40 5b 80 79 
 464 95800 00 11 a0 0d c0 3c 80 47 
 464 95900 00 17 40 39 c0 3b 00 87 
 464 96000 00 18 80 2b 00 4a 80 f0 
 446 96000 00 00 10 
 464 96100 00 06 20 02 40 34 80 e1 
 464 96200 00 06 40 3e 40 6d 80 32 
 464 96300 00 01 20 19 40 3d 00 a1 
 464 96400 00 1d 60 21 c0 33 80 72 
 464 96500 00 18 a0 2d c0 5f 00 40 
 464 96600 00 0b 80 20 40 6a 80 6b 
 464 96700 00 00 c0 2b 80 19 80 da 
 464 96800 00 10 00 0b 80 36 00 82 
 464 96900 00 02 e0 27 c0 39 00 9e 
 464 97000 00 10 00 1a 80 15 00 77 
 446 97000 00 00 00 
 464 97100 00 19 00 2b 40 60 80 c5 
 464 97200 00 12 20 12 80 25 80 2d 
 464 97300 00 0c 80 2d c0 07 80 41 
 464 97400 00 1e e0 25 80 3b 80 7f 
 464 97500 00 11 20 0e 80 15 00 81 
 464 97600 00 0b 40 17 00 0d 80 66 
 464 97700 00 1c e0 04 40 76 00 34 
 464 97800 00 00 a0 35 80 1e 00 ea 
 464 97900 00 1e 40 25 00 03 80 d6 
 464 98000 00 04 e0 13 80 1b 00 f5 
 446 98000 00 00 10 
 464 98100 00 01 80 03 40 3c 00 55 
 464 98200 00 0b 40 12 40 43 00 e9 
 464 98300 00 19 e0 24 80 7a 00 63 
 464 98400 00 07 80 3a 80 50 00 f4 
 464 98500 00 12 a0 07 40 68 80 01 
 464 98600 00 0c e0 11 c0 36 80 fa 
 464 98700 00 1e c0 3c 40 28 00 8e 
 464 98800 00 19 e0 0d 80 0c 00 d5 
 464 98900 00 0f 00 38 80 0c 80 e9 
 464 99000 00 06 e0 2e c0 2e 80 d2 
 446 99000 00 00 10 
 464 99100 00 15 60 2d 80 16 80 e4 
 464 99200 00 10 80 28 c0 6b 80 c8 
 464 99300 00 13 a0 34 80 4b 00 46 
 464 99400 00 02 a0 3d 80 21 00 df 
 464 99500 00 00 40 2e 40 37 00 9c 
 464 99600 00 1a c0 2e c0 79 80 9f 
 464 99700 00 10 80 2e c0 51 80 29 
 464 99800 00 0f 60 1a 80 6a 00 bd 
 464 99900 00 18 40 23 40 16 80 92 
 464 100000 00 03 00 00 00 40 00 28 
 446 100000 00 00 10 